usage_id,customer_id,data_used_gb,voice_minutes_used,month
1,47,39.04,1386,2023-05-01
2,123,3.24,524,2023-12-01
3,141,18.88,712,2023-09-01
4,119,27.22,1663,2023-09-01
5,150,114.9,2076,2023-01-01
6,118,68.98,32,2023-02-01
7,21,111.96,2470,2023-05-01
8,137,69.23,1063,2023-04-01
9,26,57.78,1840,2023-10-01
10,9,37.99,2165,2023-09-01
11,15,72.96,1314,2023-07-01
12,10,17.13,1144,2023-06-01
13,122,107.84,2193,2023-07-01
14,121,99.61,371,2023-01-01
15,125,38.45,2186,2023-01-01
16,170,114.36,1909,2023-08-01
17,72,99.11,1294,2023-02-01
18,152,80.12,524,2023-12-01
19,49,15.05,458,2023-10-01
20,154,57.65,1933,2023-11-01
21,91,60.98,1516,2023-09-01
22,37,28.29,1257,2023-07-01
23,68,10.06,1865,2023-06-01
24,50,93.32,883,2023-01-01
25,152,15.08,1438,2023-01-01
26,19,71.52,2359,2023-02-01
27,100,112.41,2288,2023-06-01
28,60,105.19,1764,2023-06-01
29,167,33.69,932,2023-02-01
30,89,102.25,2169,2023-01-01
31,146,0.54,1046,2023-10-01
32,147,2.61,1426,2023-05-01
33,164,72.51,2291,2023-05-01
34,183,44.09,323,2023-02-01
35,69,46.68,2266,2023-06-01
36,175,67.95,2007,2023-09-01
37,49,23.42,1047,2023-02-01
38,108,25.8,1666,2023-10-01
39,161,58.41,1788,2023-02-01
40,119,90.63,1024,2023-03-01
41,149,74.53,1103,2023-07-01
42,150,36.03,1134,2023-06-01
43,176,51.93,707,2023-12-01
44,37,20.89,2189,2023-08-01
45,143,9.42,1414,2023-08-01
46,163,94.03,1165,2023-06-01
47,199,32.21,1053,2023-12-01
48,160,21.74,1939,2023-11-01
49,11,83.15,1023,2023-10-01
50,138,74.36,236,2023-03-01
51,78,76.17,1838,2023-03-01
52,77,27.85,1502,2023-01-01
53,185,28.3,831,2023-07-01
54,153,26.89,2033,2023-05-01
55,2,21.26,880,2023-04-01
56,64,78.86,2462,2023-10-01
57,35,101.84,2259,2023-04-01
58,7,87.06,2095,2023-04-01
59,85,95.16,1805,2023-06-01
60,146,48.87,197,2023-08-01
61,67,78.66,1090,2023-08-01
62,42,42.83,950,2023-05-01
63,118,63.3,2330,2023-06-01
64,125,58.06,535,2023-04-01
65,167,21.64,345,2023-12-01
66,169,46.76,1088,2023-11-01
67,24,115.68,171,2023-09-01
68,188,30.21,603,2023-08-01
69,46,16.49,1948,2023-10-01
70,19,50.52,2216,2023-12-01
71,68,94.95,69,2023-10-01
72,102,70.07,1911,2023-01-01
73,42,81.88,2268,2023-02-01
74,32,23.17,415,2023-09-01
75,167,74.46,673,2023-08-01
76,109,39.16,1142,2023-03-01
77,36,100.2,1109,2023-08-01
78,97,75.7,551,2023-12-01
79,164,24.26,1347,2023-01-01
80,131,8.22,1007,2023-10-01
81,73,5.59,1150,2023-04-01
82,136,44.88,877,2023-03-01
83,97,32.27,2076,2023-06-01
84,123,77.71,441,2023-07-01
85,70,60.17,749,2023-04-01
86,169,32.29,1383,2023-07-01
87,196,18.33,192,2023-09-01
88,13,15.7,2170,2023-11-01
89,49,103.83,1216,2023-02-01
90,60,29.6,1179,2023-11-01
91,130,78.38,840,2023-03-01
92,188,97.38,1661,2023-05-01
93,5,73.88,1146,2023-03-01
94,172,103.22,485,2023-11-01
95,27,47.39,1336,2023-08-01
96,160,114.77,980,2023-12-01
97,149,16.41,1029,2023-10-01
98,8,12.71,1151,2023-08-01
99,200,79.21,1846,2023-08-01
100,50,113.17,170,2023-12-01
101,67,97.16,2458,2023-12-01
102,44,9.63,207,2023-09-01
103,125,33.88,1293,2023-04-01
104,58,111.67,669,2023-05-01
105,3,30.74,1785,2023-05-01
106,86,93.85,1080,2023-08-01
107,70,99.1,2020,2023-07-01
108,130,59.71,408,2023-09-01
109,172,46.67,1743,2023-08-01
110,2,54.29,1592,2023-02-01
111,102,27.62,2135,2023-10-01
112,35,106.78,2181,2023-12-01
113,98,54.35,84,2023-04-01
114,30,105.95,2194,2023-06-01
115,116,13.13,611,2023-12-01
116,8,118.6,846,2023-02-01
117,150,53.47,1538,2023-07-01
118,44,6.22,509,2023-03-01
119,186,5.04,1606,2023-03-01
120,36,89.67,147,2023-11-01
121,197,79.25,2107,2023-02-01
122,77,96.35,1804,2023-11-01
123,31,13.09,982,2023-08-01
124,47,4.75,1652,2023-06-01
125,55,61.28,1895,2023-01-01
126,106,46.82,2311,2023-12-01
127,190,55.7,2038,2023-01-01
128,158,118.99,1910,2023-07-01
129,121,116.5,1459,2023-08-01
130,55,113.11,556,2023-05-01
131,144,94.17,931,2023-12-01
132,12,42.9,590,2023-11-01
133,145,49.75,1382,2023-05-01
134,144,66.18,1966,2023-04-01
135,140,99.75,2013,2023-06-01
136,136,8.71,2106,2023-06-01
137,3,51.2,713,2023-03-01
138,144,10.37,2318,2023-09-01
139,30,62.0,2413,2023-12-01
140,23,107.92,1635,2023-11-01
141,92,94.01,647,2023-07-01
142,115,27.73,1019,2023-01-01
143,104,117.13,650,2023-07-01
144,118,80.25,1871,2023-05-01
145,5,1.75,1215,2023-05-01
146,104,31.02,695,2023-02-01
147,108,31.66,1861,2023-04-01
148,65,8.78,197,2023-12-01
149,121,115.2,1629,2023-06-01
150,30,57.65,1697,2023-10-01
151,149,107.55,994,2023-11-01
152,84,39.0,557,2023-07-01
153,198,15.47,1441,2023-11-01
154,150,57.18,885,2023-05-01
155,200,14.12,627,2023-09-01
156,32,58.58,2471,2023-03-01
157,161,110.48,1375,2023-01-01
158,16,62.73,1253,2023-04-01
159,38,74.17,912,2023-09-01
160,142,19.22,172,2023-04-01
161,36,5.73,1984,2023-02-01
162,151,13.74,279,2023-10-01
163,114,72.02,641,2023-05-01
164,66,11.85,915,2023-03-01
165,105,45.43,2024,2023-12-01
166,85,66.24,1651,2023-09-01
167,2,46.94,214,2023-04-01
168,193,20.06,591,2023-06-01
169,75,33.22,1589,2023-02-01
170,67,111.43,850,2023-06-01
171,180,81.28,1846,2023-03-01
172,190,59.78,1261,2023-12-01
173,151,2.02,1729,2023-12-01
174,154,119.09,1652,2023-09-01
175,196,80.74,2307,2023-11-01
176,55,38.37,884,2023-02-01
177,6,105.57,1474,2023-12-01
178,163,31.38,2253,2023-12-01
179,150,65.51,699,2023-09-01
180,171,76.51,2020,2023-05-01
181,143,26.92,1432,2023-08-01
182,86,117.42,2011,2023-02-01
183,60,89.91,681,2023-06-01
184,101,67.16,1181,2023-03-01
185,12,22.08,1505,2023-12-01
186,49,6.94,953,2023-12-01
187,42,38.75,2256,2023-10-01
188,166,90.51,1459,2023-05-01
189,82,32.69,905,2023-12-01
190,173,64.98,2199,2023-08-01
191,35,87.49,1346,2023-10-01
192,158,13.4,174,2023-01-01
193,158,82.39,2371,2023-05-01
194,134,11.48,2078,2023-03-01
195,67,115.83,1115,2023-04-01
196,80,58.86,1763,2023-02-01
197,7,18.51,2362,2023-09-01
198,180,41.41,1948,2023-03-01
199,14,49.9,380,2023-02-01
200,73,91.1,1890,2023-10-01
